SIZES
  narena                14680064
  nbuffer               581168
  nplugin               0
  maxuse_stack          8904
  maxuse_arena          29664
  maxuse_con            4
  maxuse_efc            29
  solver_nisland        1
  ne                    7
  nf                    0
  nl                    6
  nefc                  29
  nnzJ                  522
  ncon                  4
  nisland               0
  threadpool            0

TIMER
    0:  duration =  0.14       number = 1
    1:  duration =  0.1        number = 1
    2:  duration =  0          number = 0
    3:  duration =  0.17       number = 2
    4:  duration =  0.0084     number = 2
    5:  duration =  0.0027     number = 2
    6:  duration =  0.044      number = 2
    7:  duration =  0.0081     number = 1
    8:  duration =  0.019      number = 2
    9:  duration =  0.006      number = 2
    10:  duration =  0.13       number = 2
    11:  duration =  0.022      number = 2
    12:  duration =  0.00026    number = 2
    13:  duration =  0.03       number = 2
    14:  duration =  0.027      number = 2

SOLVER STAT
  solver_nisland = 1
  solver_fwdinv =   0         0       
  ISLAND 0
    solver_niter = 1
    solver_nnz = 324
      0:  improvement =  1.2         gradient =  1.7e-15     lineslope =  0       
          nactive = 27   nchange = 0   neval = 2   nupdate = 0

ENERGY =   0         0       

TIME =  0.004   

QPOS
   0.00039 
   3.4e-05 
   1.6     
   0.00079 
   1.6     
   0.00039 
  -0.0018  
  -0.0015  
  -0.0016  
  -0.0015  
  -0.0013  
  -0.0016  
   0.5     
   7.3e-21 
   0.00029 
   1       
   3.6e-19 
   0       
   0       

QVEL
   0.13    
   0.011   
   0.27    
   0.26    
   0.0016  
   0.13    
  -0.37    
  -0.35    
  -0.36    
  -0.3     
  -0.3     
  -0.36    
  -1.3e-18 
   1.5e-18 
   0.093   
   1.3e-16 
   9e-17   
  -5.4e-17 

QACC_WARMSTART
   31      
   2.8     
   66      
   64      
  -0.025   
   31      
   84      
   27      
   34      
   78      
   29      
   34      
  -2.8e-15 
  -9.9e-16 
   20      
  -3.2e-14 
   7.3e-14 
   1.9e-14 

CTRL
   0       

QFRC_APPLIED
   43      
  -45      
   35      
  -3.6     
   4.2     
  -0.0075  
   0       
   0       
   0       
   0       
   0       
   0       
   0       
   0       
   0       
   0       
   0       
   0       

XFRC_APPLIED
   0         0         0         0         0         0       
   0         0         0         0         0         0       
   0         0         0         0         0         0       
   0         0         0         0         0         0       
   0         0         0         0         0         0       
   0         0         0         0         0         0       
   0         0         0         0         0         0       
   0         0         0         0         0         0       
   0         0         0         0         0         0       
   0         0         0         0         0         0       
   0         0         0         0         0         0       
   0         0         0         0         0         0       
   0         0         0         0         0         0       
   0         0         0         0         0         0       
   0         0         0         0         0         0       
   0         0         0         0         0         0       
   0         0         0         0         0         0       
   0         0         0         0         0         0       
   0         0         0         0         0         0       
   0         0         0         0         0         0       
   0         0         0         0         0         0       

EQ_ACTIVE             1 1 1

MOCAP_POS
   0.5       0         0.04    

MOCAP_QUAT
   1         0         0         0       

QACC
   31      
   2.8     
   66      
   64      
  -0.025   
   31      
   84      
   27      
   34      
   78      
   29      
   34      
  -2.8e-15 
  -9.9e-16 
   20      
  -3.2e-14 
   7.3e-14 
   1.9e-14 

XPOS
   0         0         0       
   0.5       0         0.04    
   0         0         0       
   0         0         0       
   0         0         0.043   
   2.4e-05  -0.062     0.12    
   9.9e-06  -0.062     0.53    
   0.38     -0.079     0.53    
   0.44     -0.12      0.53    
   0.48     -0.12      0.47    
   0.48     -0.12      0.44    
   0.48     -0.12      0.44    
   0.48     -0.12      0.44    
   0.5      -0.14      0.33    
   0.49     -0.16      0.34    
   0.49     -0.2       0.3     
   0.45     -0.11      0.33    
   0.47     -0.085     0.34    
   0.47     -0.046     0.3     
   0.44     -0.046     0.3     
   0.5       7.3e-21   0.00029 

XQUAT
   1         0         0         0       
   1         0         0         0       
   1         0         0         0       
   1         0         0         0       
   1         0         0         0.00019 
   1         3.3e-09  -1.7e-05   0.00019 
   0.71     -0.00014   0.71      0.00014 
   0.71     -0.00014   0.71      0.00014 
   0.5       0.5       0.5       0.5     
   0.5       0.5       0.5       0.5     
   6.2e-05   0.71      0.71     -8.9e-07 
   8.9e-07   0.71     -0.71      6.2e-05 
   8.9e-07   0.71     -0.71      6.2e-05 
   0.27      0.65     -0.65      0.27    
  -0.27      0.65     -0.65     -0.27    
  -1.8e-05   0.71     -0.71      4.3e-05 
  -0.27      0.65      0.65      0.27    
  -0.27     -0.65     -0.65      0.27    
  -0.00017  -0.71     -0.71      0.0001  
   0.5      -0.5      -0.5       0.5     
   1         3.6e-19   0         0       

XMAT
   1         0         0         0         1         0         0         0         1       
   1         0         0         0         1         0         0         0         1       
   1         0         0         0         1         0         0         0         1       
   1         0         0         0         1         0         0         0         1       
   1        -0.00039   0         0.00039   1         0         0         0         1       
   1        -0.00039  -3.4e-05   0.00039   1        -1.3e-08   3.4e-05  -8.3e-25   1       
  -0.0007   -0.00039   1        -2.7e-07   1         0.00039  -1         0        -0.0007  
   8.7e-05  -0.00039   1         3.4e-08   1         0.00039  -1        -2.7e-20   8.7e-05 
  -0.00039  -8.7e-05   1         1         9e-05     0.00039  -9e-05     1         8.7e-05 
   1.2e-06  -8.7e-05   1         1         9e-05    -1.2e-06  -9e-05     1         8.7e-05 
   1.2e-06   1         8.7e-05   1        -1.2e-06  -9e-05    -9e-05     8.7e-05  -1       
  -1.2e-06  -1         8.7e-05  -1         1.2e-06  -9e-05     9e-05    -8.7e-05  -1       
  -1.2e-06  -1         8.7e-05  -1         1.2e-06  -9e-05     9e-05    -8.7e-05  -1       
  -6.3e-05  -1         6e-05    -0.7       1.2e-06  -0.71      0.71     -8.7e-05  -0.7     
   6e-05    -1         6.3e-05  -0.71      1.2e-06   0.7      -0.7      -8.7e-05  -0.71    
  -1.2e-06  -1         8.7e-05  -1         1.2e-06  -3.5e-05   3.5e-05  -8.7e-05  -1       
  -6.1e-05   1         6.2e-05   0.7      -1.2e-06   0.71      0.71      8.7e-05  -0.7     
   6.2e-05   1         6.1e-05   0.71     -1.2e-06  -0.7      -0.7       8.7e-05  -0.71    
   1.3e-06   1         8.7e-05   1        -1.2e-06  -0.00038  -0.00038   8.7e-05  -1       
   1.3e-06   8.7e-05  -1         1        -0.00038   1.2e-06  -0.00038  -1        -8.7e-05 
   1         0         0         0         1        -7.2e-19   0         7.2e-19   1       

XIPOS
   0         0         0       
   0.5       0         0.04    
   0         0         0       
   5.3e-09   0.0016    0.017   
   1.7e-06  -0.0054    0.11    
   4.5e-05  -0.13      0.33    
   0.19     -0.024     0.53    
   0.39     -0.12      0.53    
   0.47     -0.12      0.52    
   0.48     -0.12      0.45    
   0.45     -0.12      0.44    
   0.48     -0.12      0.44    
   0.48     -0.12      0.38    
   0.48     -0.16      0.31    
   0.48     -0.18      0.32    
   0.48     -0.18      0.28    
   0.48     -0.087     0.31    
   0.48     -0.065     0.32    
   0.48     -0.063     0.28    
   0.44     -0.046     0.33    
   0.5      -7.2e-21   0.02    

XIMAT
   1         0         0         0         1         0         0         0         1       
   1         0         0         0         1         0         0         0         1       
   1         0         0         0         1         0         0         0         1       
   2.8e-17  -1         0        -0.018     0        -1         1         0        -0.018   
   1        -0.00038   5.8e-05   0.00039   0.99     -0.15      0         0.15      0.99    
   1        -0.00039  -3.7e-05   0.00039   1        -1.4e-08   3.7e-05   1.7e-24   1       
  -0.0007   -0.0097    1        -2.7e-07   1         0.0097   -1         6.5e-06  -0.0007  
   8.7e-05   0.17      0.98      3.4e-08   0.98     -0.17     -1         1.5e-05   8.6e-05 
  -0.00039   0.98      0.18      1         0.0004   -2e-05    -9e-05     0.18     -0.98    
  -0.015    -1.2e-06   1         9e-05    -1         8e-08     1         9e-05     0.015   
   1.2e-06   8.7e-05  -1         1        -9e-05     1.2e-06  -9e-05    -1        -8.7e-05 
   1.2e-06   1         8.7e-05   1        -1.2e-06  -9e-05    -9e-05     8.7e-05  -1       
  -1         0.034    -0.0012    0.034     1        -0.017     0.00059  -0.017    -1       
  -6.2e-05  -1         0.00011  -0.71     -3.3e-05  -0.71      0.71     -0.00012  -0.71    
   6.3e-05   1        -5.4e-06   0.7      -4.8e-05  -0.71     -0.71      4.1e-05  -0.7     
  -1        -3.7e-05   7.9e-05   1.2e-06   0.9       0.44     -8.7e-05   0.44     -0.9     
  -6.1e-05   1         1.4e-05   0.71      3.3e-05   0.71      0.71      5.3e-05  -0.71    
   6.1e-05  -1         0.00013  -0.7       4.8e-05   0.71     -0.71     -0.00013  -0.7     
   1        -4e-05     7.7e-05  -1.2e-06  -0.9      -0.44      8.7e-05   0.44     -0.9     
   1.3e-06  -1        -8.7e-05   1         1.2e-06   0.00038  -0.00038  -8.7e-05   1       
   1         0         0         0         1        -7.2e-19   0         7.2e-19   1       

XANCHOR
   0         0         0.043   
   2.4e-05  -0.062     0.12    
   9.9e-06  -0.062     0.53    
   0.38     -0.079     0.53    
   0.44     -0.12      0.53    
   0.48     -0.12      0.47    
   0.5      -0.14      0.33    
   0.49     -0.16      0.34    
   0.49     -0.2       0.3     
   0.45     -0.11      0.33    
   0.47     -0.085     0.34    
   0.47     -0.046     0.3     
   0.5       7.3e-21   0.00029 

XAXIS
   0         0         1       
   0.00039  -1         0       
  -0.00039   1        -8.3e-25 
   0.00039  -1         0       
   1         0.00039   8.7e-05 
   8.7e-05  -9e-05    -1       
   1        -1.2e-06   8.7e-05 
   1        -1.2e-06   8.7e-05 
  -1         1.2e-06  -8.7e-05 
  -1         1.2e-06  -8.7e-05 
  -1         1.2e-06  -8.7e-05 
   1        -1.2e-06   8.7e-05 
   0         0         1       

GEOM_XPOS
   0         0         0       
   0.5       0         0.04    
   1e-07     0.049     0.026   
   4.9e-06   0.00089   0.02    
   4.4e-06   0.006     0.02    
  -3e-06     0.0058    0.18    
   2.6e-06  -0.0085    0.11    
   6.7e-07  -0.0035    0.13    
   6.7e-05  -0.19      0.33    
   4.4e-05  -0.13      0.33    
   5.7e-05  -0.15      0.14    
   4.7e-05  -0.14      0.33    
   4.4e-05  -0.15      0.51    
   0.35      0.01      0.53    
   0.2      -0.028     0.53    
   0.011    -0.034     0.53    
   0.2      -0.019     0.53    
   0.37     -0.012     0.53    
   0.34     -0.12      0.53    
   0.39     -0.11      0.53    
   0.37     -0.12      0.53    
   0.48     -0.12      0.56    
   0.47     -0.12      0.52    
   0.48     -0.12      0.54    
   0.48     -0.12      0.45    
   0.52     -0.12      0.46    
   0.48     -0.12      0.46    
   0.51     -0.12      0.46    
   0.48     -0.12      0.46    
   0.48     -0.12      0.43    
   0.48     -0.12      0.43    
   0.48     -0.12      0.38    
   0.48     -0.12      0.38    
   0.48     -0.16      0.31    
   0.48     -0.16      0.31    
   0.48     -0.18      0.32    
   0.48     -0.18      0.32    
   0.48     -0.18      0.29    
   0.48     -0.18      0.29    
   0.48     -0.17      0.28    
   0.48     -0.17      0.28    
   0.48     -0.17      0.26    
   0.48     -0.17      0.26    
   0.48     -0.087     0.31    
   0.48     -0.087     0.31    
   0.48     -0.065     0.32    
   0.48     -0.065     0.32    
   0.48     -0.058     0.29    
   0.48     -0.058     0.29    
   0.48     -0.069     0.28    
   0.48     -0.069     0.28    
   0.48     -0.069     0.26    
   0.48     -0.069     0.26    
   0.5      -7.2e-21   0.02    

GEOM_XMAT
   1         0         0         0         1         0         0         0         1       
   1         0         0         0         1         0         0         0         1       
   0.00032  -1         0.0003    0.1      -0.00027  -0.99      0.99      0.00035   0.1     
   2.7e-05  -1        -0.006    -0.013     0.006    -1         1         0.0001   -0.013   
   2.7e-05  -1        -8.5e-05  -0.013     8.4e-05  -1         1         2.8e-05  -0.013   
   0.00025  -1         0.00066   0.72     -0.00028  -0.69      0.69      0.00065   0.72    
  -0.0025   -1         0.00018   0.82     -0.0021   -0.57      0.57     -0.0012    0.82    
   1        -0.00038  -2.5e-05   0.00038   1         0.046     7.9e-06  -0.046     1       
   1        -0.00069   4.5e-06   0.00069   1        -2.4e-05  -4.5e-06   2.4e-05   1       
   1        -0.00039  -7.9e-06   0.00039   1        -3e-09     7.9e-06  -2.1e-25   1       
   1         0.00011   0.00036   0.00038  -0.37     -0.93      3.6e-05   0.93     -0.37    
   1        -0.00039  -3.4e-05   0.00039   1        -1.3e-08   3.4e-05  -8.3e-25   1       
   1        -0.00018   0.00035   0.00039   0.37     -0.93      3.7e-05   0.93      0.37    
  -0.00068  -0.14      0.99      4.4e-06   0.99      0.14     -1         9.9e-05  -0.00067 
  -0.00074  -0.022     1         0.00043   1         0.022    -1         0.00044  -0.00073 
  -0.34      0.00067   0.94      0.94      0.00016   0.34      7.9e-05   1        -0.00068 
  -0.0007   -0.00039   1        -2.7e-07   1         0.00039  -1         0        -0.0007  
  -0.00072   1        -0.022    -2.6e-05  -0.022    -1        -1        -0.00072   4.2e-05 
   0.049    -0.00025   1         1        -0.0035   -0.049     0.0035    1         7.5e-05 
  -0.00013   0.42      0.91     -0.00037   0.91     -0.42     -1        -0.00039   4.1e-05 
   6.1e-05  -0.023     1        -2.4e-05   1         0.023    -1        -2.5e-05   6e-05   
   1        -0.0032    0.049    -0.0032   -1        -8.3e-05   0.049    -7.4e-05  -1       
  -0.00075   0.91      0.42      1         0.00081   4.5e-05  -0.0003    0.42     -0.91    
  -0.00041   1        -0.022     1         0.00041  -0.00012  -0.00012  -0.022    -1       
  -8.8e-05   1         0.00018  -0.0029   -0.00018   1         1         8.8e-05   0.0029  
   1         0.00042   0.00051   0.00042  -1        -8.9e-05   0.00051   9e-05    -1       
  -0.0023    5.4e-05   1         9e-05    -1         5.4e-05   1         9e-05     0.0023  
   0.0003   -8.7e-05   1         1         9e-05    -0.0003   -9e-05     1         8.7e-05 
  -0.015     9.2e-05   1        -2.9e-05  -1         9.1e-05   1        -2.8e-05   0.015   
   0.0017    1        -1.2e-06  -9e-05    -1.1e-06  -1        -1         0.0017    9e-05   
   0.0017    1        -1.2e-06  -9e-05    -1.1e-06  -1        -1         0.0017    9e-05   
  -1         0.041    -0.004     0.042     1        -0.03      0.0027   -0.03     -1       
  -1         0.041    -0.004     0.042     1        -0.03      0.0027   -0.03     -1       
  -6.2e-05  -1         0.00011  -0.71     -3.3e-05  -0.71      0.71     -0.00012  -0.71    
  -6.2e-05  -1         0.00011  -0.71     -3.3e-05  -0.71      0.71     -0.00012  -0.71    
   6.3e-05   1        -5.4e-06   0.7      -4.8e-05  -0.71     -0.71      4.1e-05  -0.7     
   6.3e-05   1        -5.4e-06   0.7      -4.8e-05  -0.71     -0.71      4.1e-05  -0.7     
   0.00013   1        -4.3e-05  -0.58      4.1e-05  -0.82     -0.82      0.00013   0.58    
   0.00013   1        -4.3e-05  -0.58      4.1e-05  -0.82     -0.82      0.00013   0.58    
  -2.6e-05   8.3e-05   1        -0.96     -0.29     -1.2e-06   0.29     -0.96      8.7e-05 
  -2.6e-05   8.3e-05   1        -0.96     -0.29     -1.2e-06   0.29     -0.96      8.7e-05 
   2.2e-05   8.4e-05   1        -0.96      0.27     -1.2e-06  -0.27     -0.96      8.7e-05 
   2.2e-05   8.4e-05   1        -0.96      0.27     -1.2e-06  -0.27     -0.96      8.7e-05 
  -6.1e-05   1         1.4e-05   0.71      3.3e-05   0.71      0.71      5.3e-05  -0.71    
  -6.1e-05   1         1.4e-05   0.71      3.3e-05   0.71      0.71      5.3e-05  -0.71    
   6.1e-05  -1         0.00013  -0.7       4.8e-05   0.71     -0.71     -0.00013  -0.7     
   6.1e-05  -1         0.00013  -0.7       4.8e-05   0.71     -0.71     -0.00013  -0.7     
   9.3e-06  -1        -5.7e-05   0.58     -4.1e-05   0.82     -0.82     -4e-05     0.58    
   9.3e-06  -1        -5.7e-05   0.58     -4.1e-05   0.82     -0.82     -4e-05     0.58    
  -2.4e-05   8.4e-05  -1         0.96      0.29      1.2e-06   0.29     -0.96     -8.7e-05 
  -2.4e-05   8.4e-05  -1         0.96      0.29      1.2e-06   0.29     -0.96     -8.7e-05 
   2.5e-05   8.3e-05  -1         0.96     -0.27      1.2e-06  -0.27     -0.96     -8.7e-05 
   2.5e-05   8.3e-05  -1         0.96     -0.27      1.2e-06  -0.27     -0.96     -8.7e-05 
   1         0         0         0         1        -7.2e-19   0         7.2e-19   1       

SITE_XPOS
   0.48     -0.12      0.44    
   0.48     -0.12      0.24    
   0.44     -0.046     0.3     
   0.24     -0.046     0.3     

SITE_XMAT
   1.2e-06   1         8.7e-05   1        -1.2e-06  -9e-05    -9e-05     8.7e-05  -1       
   1         1.2e-06  -8.7e-05  -1.2e-06   1         9e-05     8.7e-05  -9e-05     1       
   1.3e-06   8.7e-05  -1         1        -0.00038   1.2e-06  -0.00038  -1        -8.7e-05 
   8.7e-05   1.3e-06   1        -0.00038   1        -1.2e-06  -1        -0.00038   8.7e-05 

LIGHT_XPOS
  -2        -1         3       
   2        -1         3       

LIGHT_XDIR
   0.67      0.33     -0.67    
  -0.67      0.33     -0.67    

SUBTREE_COM
   0.12     -0.079     0.34    
   0.5       0         0.04    
   0.11     -0.079     0.34    
   0.11     -0.079     0.34    
   0.12     -0.084     0.36    
   0.15     -0.1       0.41    
   0.3      -0.064     0.5     
   0.45     -0.12      0.46    
   0.48     -0.12      0.43    
   0.48     -0.12      0.38    
   0.48     -0.12      0.37    
   0.48     -0.12      0.37    
   0.48     -0.12      0.38    
   0.48     -0.16      0.31    
   0.48     -0.18      0.3     
   0.48     -0.18      0.28    
   0.48     -0.087     0.31    
   0.48     -0.064     0.3     
   0.48     -0.063     0.28    
   0.44     -0.046     0.33    
   0.5      -7.2e-21   0.02    

CDOF
   0         0         1         0.079     0.11     -0       
   0.00039  -1         0        -0.22     -8.5e-05   0.11    
  -0.00039   1        -8.3e-25  -0.19     -7.2e-05  -0.11    
   0.00039  -1         0         0.19      7.2e-05  -0.26    
   1         0.00039   8.7e-05  -7.6e-05   0.19      0.042   
   8.7e-05  -9e-05    -1         0.042     0.36     -2.9e-05 
   1        -1.2e-06   8.7e-05  -5.1e-06  -0.013     0.058   
   1        -1.2e-06   8.7e-05  -6.9e-06  -0.0057    0.079   
  -1         1.2e-06  -8.7e-05   1e-05     0.044    -0.12    
  -1         1.2e-06  -8.7e-05   2.3e-06   0.013    -0.026   
  -1         1.2e-06  -8.7e-05   4.7e-07   0.0057   -0.0053  
   1        -1.2e-06   8.7e-05   2.9e-06  -0.044    -0.034   
   0         0         0         1         0         0       
   0         0         0         0         1         0       
   0         0         0         0         0         1       
   1         0         0         0        -0.02     -1.4e-20 
   0         1         7.2e-19   0.02      0        -0       
   0        -7.2e-19   1         0         0         0       

CINERT
   0         0         0         0         0         0         0         0         0         0       
   4e-06     4e-06     4e-06     0         0         0         0         0         0         0.027   
   0         0         0         0         0         0        -0         0        -0         0       
   0.17      0.18      0.034     0.013    -0.054     0.038    -0.17      0.12     -0.47      1.4     
   0.24      0.27      0.082     0.034    -0.11      0.068    -0.46      0.3      -0.92      4       
   0.4       0.5       0.19     -0.064    -0.02     -0.0095   -1.2      -0.56     -0.17      10      
   0.22      0.34      0.16     -0.024    -0.076    -0.059     0.41      0.32      1.1       5.7     
   0.044     0.13      0.091     0.012    -0.061     0.0085    0.32     -0.045     0.22      1.2     
   0.041     0.19      0.16      0.018    -0.076     0.0089    0.43     -0.05      0.21      1.2     
   0.0027    0.028     0.026     0.0029   -0.0075    0.00087   0.07     -0.0081    0.021     0.19    
   0         0         0         0         0         0         0        -0         0         0       
   0         0         0         0         0         0         0        -0         0         0       
   0.0063    0.18      0.17      0.019    -0.018     0.002     0.47     -0.053     0.049     1.3     
   0.00047   0.0086    0.0089    0.0018    0.00077  -0.00017   0.023    -0.0049   -0.0021    0.064   
   0.00034   0.0043    0.0046    0.0012    0.00029  -8.3e-05   0.012    -0.0032   -0.00081   0.032   
   0.00055   0.0053    0.0055    0.0014    0.00086  -0.00024   0.014    -0.0039   -0.0024    0.039   
   9.1e-05   0.0086    0.0085    0.00017   0.00077  -7e-06     0.023    -0.00046  -0.0021    0.064   
   3.6e-05   0.0043    0.0043   -0.00017   0.00029   1.6e-05   0.012     0.00046  -0.00081   0.032   
   0.00016   0.0053    0.0052   -0.00023   0.00086   3.6e-05   0.014     0.00064  -0.0024    0.039   
   0         0         0         0         0         0         0         0        -0         0       
   0.00013   0.00013   0.00013   0         0         0         0         0         0         0.22    

TEN_LENGTH
  -0.0014  

TEN_MOMENT
   0         0         0         0         0         0         0         0.5       0         0         0.5       0         0         0         0         0         0         0       

TENDON 0: 0 wrap points

ACTUATOR_LENGTH
  -0.0014  

ACTUATOR_MOMENT
   0         0         0         0         0         0         0         0.5       0         0         0.5       0         0         0         0         0         0         0       

CRB
   0         0         0         0         0         0         0         0         0         0       
   4e-06     4e-06     4e-06     0         0         0         0         0         0         0.027   
   1.1       1.9       0.95      0.016    -0.41      0.057    -2.8e-17  -7.2e-16  -5.6e-16   26      
   1.1       1.9       0.95      0.016    -0.41      0.057    -2.8e-17  -7.2e-16  -5.6e-16   26      
   0.96      1.7       0.92      0.0031   -0.36      0.02      0.17     -0.12      0.47      24      
   0.72      1.4       0.83     -0.031    -0.25     -0.049     0.62     -0.41      1.4       20      
   0.32      0.9       0.64      0.033    -0.23     -0.039     1.8       0.15      1.6       9.9     
   0.096     0.56      0.49      0.057    -0.16      0.02      1.4      -0.17      0.49      4.2     
   0.051     0.43      0.4       0.044    -0.097     0.011     1.1      -0.12      0.27      3       
   0.011     0.24      0.24      0.026    -0.021     0.0024    0.64     -0.073     0.059     1.8     
   0.0079    0.21      0.21      0.023    -0.014     0.0015    0.57     -0.064     0.038     1.6     
   0.0079    0.21      0.21      0.023    -0.014     0.0015    0.57     -0.064     0.038     1.6     
   0.0063    0.18      0.17      0.019    -0.018     0.002     0.47     -0.053     0.049     1.3     
   0.00047   0.0086    0.0089    0.0018    0.00077  -0.00017   0.023    -0.0049   -0.0021    0.064   
   0.00089   0.0096    0.01      0.0026    0.0012   -0.00032   0.026    -0.0071   -0.0032    0.071   
   0.00055   0.0053    0.0055    0.0014    0.00086  -0.00024   0.014    -0.0039   -0.0024    0.039   
   9.1e-05   0.0086    0.0085    0.00017   0.00077  -7e-06     0.023    -0.00046  -0.0021    0.064   
   0.0002    0.0096    0.0094   -0.0004    0.0012    5.2e-05   0.026     0.0011   -0.0032    0.071   
   0.00016   0.0053    0.0052   -0.00023   0.00086   3.6e-05   0.014     0.00064  -0.0024    0.039   
   0         0         0         0         0         0         0         0        -0         0       
   0.00013   0.00013   0.00013   0         0         0         0         0         0         0.22    

QM
   1.4      -0.51     -0.034     0.034     0.14     -0.0018    0.00062   0.0013   -0.00031  -0.00062  -0.0013    0.00031   0         0         0         0         0         0       
  -0.51      3.4      -1.1       0.081     0.00065  -0.00037  -0.00058  -0.00071  -0.00032  -0.00058  -0.00071  -0.00032   0         0         0         0         0         0       
  -0.034    -1.1       1.2      -0.2      -0.00065  -0.00018   0.00058   0.00071   0.00032   0.00058   0.00071   0.00032   0         0         0         0         0         0       
   0.034     0.081    -0.2       0.079     0.00015   0.00018  -0.00012  -0.00015  -6.9e-05  -0.00012  -0.00015  -6.9e-05   0         0         0         0         0         0       
   0.14      0.00065  -0.00065   0.00015   0.049    -0.0001    0.00034   0.00077  -0.00013  -0.00034  -0.00077   0.00013   0         0         0         0         0         0       
  -0.0018   -0.00037  -0.00018   0.00018  -0.0001    0.0016    2.4e-10   2.1e-10  -3.5e-11   2.4e-10   2.1e-10  -3.5e-11   0         0         0         0         0         0       
   0.00062  -0.00058   0.00058  -0.00012   0.00034   2.4e-10   6.6e-05   0         0         0         0         0         0         0         0         0         0         0       
   0.0013   -0.00071   0.00071  -0.00015   0.00077   2.1e-10   0         0.00018  -3.1e-05   0         0         0         0         0         0         0         0         0       
  -0.00031  -0.00032   0.00032  -6.9e-05  -0.00013  -3.5e-11   0        -3.1e-05   3.2e-05   0         0         0         0         0         0         0         0         0       
  -0.00062  -0.00058   0.00058  -0.00012  -0.00034   2.4e-10   0         0         0         6.6e-05   0         0         0         0         0         0         0         0       
  -0.0013   -0.00071   0.00071  -0.00015  -0.00077   2.1e-10   0         0         0         0         0.00018  -3.1e-05   0         0         0         0         0         0       
   0.00031  -0.00032   0.00032  -6.9e-05   0.00013  -3.5e-11   0         0         0         0        -3.1e-05   3.2e-05   0         0         0         0         0         0       
   0         0         0         0         0         0         0         0         0         0         0         0         0.22      0         0         0         0.0043    0       
   0         0         0         0         0         0         0         0         0         0         0         0         0         0.22      0        -0.0043    0         0       
   0         0         0         0         0         0         0         0         0         0         0         0         0         0         0.22     -3.1e-21   0         0       
   0         0         0         0         0         0         0         0         0         0         0         0         0        -0.0043   -3.1e-21   0.00022   0         0       
   0         0         0         0         0         0         0         0         0         0         0         0         0.0043    0         0         0         0.00022   0       
   0         0         0         0         0         0         0         0         0         0         0         0         0         0         0         0         0         0.00013 

QLD
   0.93     -0.22      0.07      0.43      3.1      -1.1       9.3       6.8      -9.6      -9.3      -6.8       9.6       0         0         0         0         0         0       
  -0.22      2.2      -1.2       0.96      0.016    -0.23     -8.8      -6.8      -10       -8.8      -6.8      -10        0         0         0         0         0         0       
   0.07     -1.2       0.72     -2.4      -0.017    -0.11      8.8       6.8       10        8.8       6.8       10        0         0         0         0         0         0       
   0.43      0.96     -2.4       0.078     0.0041    0.11     -1.9      -1.4      -2.1      -1.9      -1.4      -2.1       0         0         0         0         0         0       
   3.1       0.016    -0.017     0.0041    0.038    -0.064     5.2       4.3      -4.1      -5.2      -4.3       4.1       0         0         0         0         0         0       
  -1.1      -0.23     -0.11      0.11     -0.064     0.0016    3.6e-06   1.2e-06  -1.1e-06   3.6e-06   1.2e-06  -1.1e-06   0         0         0         0         0         0       
   9.3      -8.8       8.8      -1.9       5.2       3.6e-06   6.6e-05   0         0         0         0         0         0         0         0         0         0         0       
   6.8      -6.8       6.8      -1.4       4.3       1.2e-06   0         0.00015  -0.96      0         0         0         0         0         0         0         0         0       
  -9.6      -10        10       -2.1      -4.1      -1.1e-06   0        -0.96      3.2e-05   0         0         0         0         0         0         0         0         0       
  -9.3      -8.8       8.8      -1.9      -5.2       3.6e-06   0         0         0         6.6e-05   0         0         0         0         0         0         0         0       
  -6.8      -6.8       6.8      -1.4      -4.3       1.2e-06   0         0         0         0         0.00015  -0.96      0         0         0         0         0         0       
   9.6      -10        10       -2.1       4.1      -1.1e-06   0         0         0         0        -0.96      3.2e-05   0         0         0         0         0         0       
   0         0         0         0         0         0         0         0         0         0         0         0         0.13      0         0         0         20        0       
   0         0         0         0         0         0         0         0         0         0         0         0         0         0.13     -2.9e-19  -20        0         0       
   0         0         0         0         0         0         0         0         0         0         0         0         0        -2.9e-19   0.22     -1.4e-17   0         0       
   0         0         0         0         0         0         0         0         0         0         0         0         0        -20       -1.4e-17   0.00022   0         0       
   0         0         0         0         0         0         0         0         0         0         0         0         20        0         0         0         0.00022   0       
   0         0         0         0         0         0         0         0         0         0         0         0         0         0         0         0         0         0.00013 

QLDIAGINV
   1.1     
   0.45    
   1.4     
   13      
   26      
   6.2e+02 
   1.5e+04 
   6.6e+03 
   3.1e+04 
   1.5e+04 
   6.6e+03 
   3.1e+04 
   7.7     
   7.7     
   4.6     
   4.6e+03 
   4.6e+03 
   7.7e+03 

QLDIAGSQRTINV
   1       
   0.67    
   1.2     
   3.6     
   5.1     
   25      
   1.2e+02 
   81      
   1.8e+02 
   1.2e+02 
   81      
   1.8e+02 
   2.8     
   2.8     
   2.2     
   68      
   68      
   88      

D_rownnz              12 12 12 12 12 12 7 8 8 7 8 8 6 6 6 6 6 6

D_rowadr              0 12 24 36 48 60 72 79 87 95 102 110 118 124 130 136 142 148

D_colind              0 1 2 3 4 5 6 7 8 9 10 11 0 1 2 3 4 5 6 7 8 9 10 11 0 1 2 3 4 5 6 7 8 9 10 11 0 1 2 3 4 5 6 7 8 9 10 11 0 1 2 3 4 5 6 7 8 9 10 11 0 1 2 3 4 5 6 7 8 9 10 11 0 1 2 3 4 5 6 0 1 2 3 4 5 7 8 0 1 2 3 4 5 7 8 0 1 2 3 4 5 9 0 1 2 3 4 5 10 11 0 1 2 3 4 5 10 11 12 13 14 15 16 17 12 13 14 15 16 17 12 13 14 15 16 17 12 13 14 15 16 17 12 13 14 15 16 17 12 13 14 15 16 17

B_rownnz              18 0 12 12 12 12 12 12 12 12 12 12 6 7 8 8 7 8 8 8 6

B_rowadr              0 18 18 30 42 54 66 78 90 102 114 126 138 144 151 159 167 174 182 190 198

B_colind              0 1 2 3 4 5 6 7 8 9 10 11 12 13 14 15 16 17 0 1 2 3 4 5 6 7 8 9 10 11 0 1 2 3 4 5 6 7 8 9 10 11 0 1 2 3 4 5 6 7 8 9 10 11 0 1 2 3 4 5 6 7 8 9 10 11 0 1 2 3 4 5 6 7 8 9 10 11 0 1 2 3 4 5 6 7 8 9 10 11 0 1 2 3 4 5 6 7 8 9 10 11 0 1 2 3 4 5 6 7 8 9 10 11 0 1 2 3 4 5 6 7 8 9 10 11 0 1 2 3 4 5 6 7 8 9 10 11 0 1 2 3 4 5 0 1 2 3 4 5 6 0 1 2 3 4 5 7 8 0 1 2 3 4 5 7 8 0 1 2 3 4 5 9 0 1 2 3 4 5 10 11 0 1 2 3 4 5 10 11 0 1 2 3 4 5 10 11 12 13 14 15 16 17

QDERIV
   0         0         0         0         0         0         0         0         0         0         0         0         0         0         0         0         0         0       
   0         0         0         0         0         0         0         0         0         0         0         0         0         0         0         0         0         0       
   0         0         0         0         0         0         0         0         0         0         0         0         0         0         0         0         0         0       
   0         0         0         0         0         0         0         0         0         0         0         0         0         0         0         0         0         0       
   0         0         0         0         0         0         0         0         0         0         0         0         0         0         0         0         0         0       
   0         0         0         0         0         0         0         0         0         0         0         0         0         0         0         0         0         0       
   0         0         0         0         0         0         0         0         0         0         0         0         0         0         0         0         0         0       
   0         0         0         0         0         0         0        -0.025     0         0         0         0         0         0         0         0         0         0       
   0         0         0         0         0         0         0         0         0         0         0         0         0         0         0         0         0         0       
   0         0         0         0         0         0         0         0         0         0         0         0         0         0         0         0         0         0       
   0         0         0         0         0         0         0         0         0         0        -0.025     0         0         0         0         0         0         0       
   0         0         0         0         0         0         0         0         0         0         0         0         0         0         0         0         0         0       
   0         0         0         0         0         0         0         0         0         0         0         0         0         0         0         0         0         0       
   0         0         0         0         0         0         0         0         0         0         0         0         0         0         0         0         0         0       
   0         0         0         0         0         0         0         0         0         0         0         0         0         0         0         0         0         0       
   0         0         0         0         0         0         0         0         0         0         0         0         0         0         0         0         0         0       
   0         0         0         0         0         0         0         0         0         0         0         0         0         0         0         0         0         0       
   0         0         0         0         0         0         0         0         0         0         0         0         0         0         0         0         0         0       

QLU
   0         0         0         0         0         0         0         0         0         0         0         0         0         0         0         0         0         0       
   0         0         0         0         0         0         0         0         0         0         0         0         0         0         0         0         0         0       
   0         0         0         0         0         0         0         0         0         0         0         0         0         0         0         0         0         0       
   0         0         0         0         0         0         0         0         0         0         0         0         0         0         0         0         0         0       
   0         0         0         0         0         0         0         0         0         0         0         0         0         0         0         0         0         0       
   0         0         0         0         0         0         0         0         0         0         0         0         0         0         0         0         0         0       
   0         0         0         0         0         0         0         0         0         0         0         0         0         0         0         0         0         0       
   0         0         0         0         0         0         0         0         0         0         0         0         0         0         0         0         0         0       
   0         0         0         0         0         0         0         0         0         0         0         0         0         0         0         0         0         0       
   0         0         0         0         0         0         0         0         0         0         0         0         0         0         0         0         0         0       
   0         0         0         0         0         0         0         0         0         0         0         0         0         0         0         0         0         0       
   0         0         0         0         0         0         0         0         0         0         0         0         0         0         0         0         0         0       
   0         0         0         0         0         0         0         0         0         0         0         0         0         0         0         0         0         0       
   0         0         0         0         0         0         0         0         0         0         0         0         0         0         0         0         0         0       
   0         0         0         0         0         0         0         0         0         0         0         0         0         0         0         0         0         0       
   0         0         0         0         0         0         0         0         0         0         0         0         0         0         0         0         0         0       
   0         0         0         0         0         0         0         0         0         0         0         0         0         0         0         0         0         0       
   0         0         0         0         0         0         0         0         0         0         0         0         0         0         0         0         0         0       

CONTACT
  0:
     dim           3
     geoms         //unnamed_geom_0 : unnamed_model//unnamed_geom_0
     exclude       0
     efc_address   13
     solref         0.02      1       
     solimp         0.9       0.95      0.001     0.5       2       
     dist          -0.0097  
     includemargin  0       
     pos            0.47     -0.03     -0.0049  
     frame          0         0         1         0         1         0        -1         0         0       
     friction       1         1         0.3       0.0001    0.0001  
     mu             0.32    
  1:
     dim           3
     geoms         //unnamed_geom_0 : unnamed_model//unnamed_geom_0
     exclude       0
     efc_address   17
     solref         0.02      1       
     solimp         0.9       0.95      0.001     0.5       2       
     dist          -0.0097  
     includemargin  0       
     pos            0.53     -0.03     -0.0049  
     frame          0         0         1         0         1         0        -1         0         0       
     friction       1         1         0.3       0.0001    0.0001  
     mu             0.32    
  2:
     dim           3
     geoms         //unnamed_geom_0 : unnamed_model//unnamed_geom_0
     exclude       0
     efc_address   21
     solref         0.02      1       
     solimp         0.9       0.95      0.001     0.5       2       
     dist          -0.0097  
     includemargin  0       
     pos            0.47      0.03     -0.0049  
     frame          0         0         1         0         1         0        -1         0         0       
     friction       1         1         0.3       0.0001    0.0001  
     mu             0.32    
  3:
     dim           3
     geoms         //unnamed_geom_0 : unnamed_model//unnamed_geom_0
     exclude       0
     efc_address   25
     solref         0.02      1       
     solimp         0.9       0.95      0.001     0.5       2       
     dist          -0.0097  
     includemargin  0       
     pos            0.53      0.03     -0.0049  
     frame          0         0         1         0         1         0        -1         0         0       
     friction       1         1         0.3       0.0001    0.0001  
     mu             0.32    

EFC_TYPE
  0
  0
  0
  0
  0
  0
  0
  3
  3
  3
  3
  3
  3
  6
  6
  6
  6
  6
  6
  6
  6
  6
  6
  6
  6
  6
  6
  6
  6

EFC_ID
  0
  0
  0
  1
  1
  1
  2
  6
  7
  8
  9
  10
  11
  0
  0
  0
  0
  1
  1
  1
  1
  2
  2
  2
  2
  3
  3
  3
  3

EFC_J
  -1.3e-05   1.2e-05  -1.2e-05   1.2e-05  -5.7e-09   1.3e-05  -3.5e-06   1.7e-06   1.8e-06   0         0         0         0         0         0         0         0         0       
   1e-09     4.5e-09  -4.5e-09   4.5e-09   1.2e-05  -1.6e-11  -0.039     0.046    -0.0075    0         0         0         0         0         0         0         0         0       
   0         6.1e-09  -6.1e-09   6.1e-09   1.3e-05   1.1e-09   0.039    -0.018    -0.021     0         0         0         0         0         0         0         0         0       
   1.1e-05   3.2e-06  -3.2e-06   3.2e-06  -2.5e-10  -1.1e-05   0         0         0        -3.4e-06   1.6e-06   1.8e-06   0         0         0         0         0         0       
   2.7e-10   1.2e-09  -1.2e-09   1.2e-09   3.2e-06   1.4e-11   0         0         0         0.039    -0.046     0.0075    0         0         0         0         0         0       
   0        -4.1e-09   4.1e-09  -4.1e-09  -1.1e-05  -9.9e-10   0         0         0         0.039    -0.018    -0.021     0         0         0         0         0         0       
   0         0         0         0         0         0         0         1         0         0        -1         0         0         0         0         0         0         0       
   0         0         0         0         0         0         1         0         0         0         0         0         0         0         0         0         0         0       
   0         0         0         0         0         0         0         1         0         0         0         0         0         0         0         0         0         0       
   0         0         0         0         0         0         0         0         1         0         0         0         0         0         0         0         0         0       
   0         0         0         0         0         0         0         0         0         1         0         0         0         0         0         0         0         0       
   0         0         0         0         0         0         0         0         0         0         1         0         0         0         0         0         0         0       
   0         0         0         0         0         0         0         0         0         0         0         1         0         0         0         0         0         0       
   0         0         0         0         0         0         0         0         0         0         0         0         0         1         1        -0.025     0.03     -0.03    
   0         0         0         0         0         0         0         0         0         0         0         0         0        -1         1        -0.035     0.03      0.03    
   0         0         0         0         0         0         0         0         0         0         0         0        -1         0         1        -0.03      0.035    -0.03    
   0         0         0         0         0         0         0         0         0         0         0         0         1         0         1        -0.03      0.025     0.03    
   0         0         0         0         0         0         0         0         0         0         0         0         0         1         1        -0.025    -0.03      0.03    
   0         0         0         0         0         0         0         0         0         0         0         0         0        -1         1        -0.035    -0.03     -0.03    
   0         0         0         0         0         0         0         0         0         0         0         0        -1         0         1        -0.03     -0.025    -0.03    
   0         0         0         0         0         0         0         0         0         0         0         0         1         0         1        -0.03     -0.035     0.03    
   0         0         0         0         0         0         0         0         0         0         0         0         0         1         1         0.035     0.03     -0.03    
   0         0         0         0         0         0         0         0         0         0         0         0         0        -1         1         0.025     0.03      0.03    
   0         0         0         0         0         0         0         0         0         0         0         0        -1         0         1         0.03      0.035     0.03    
   0         0         0         0         0         0         0         0         0         0         0         0         1         0         1         0.03      0.025    -0.03    
   0         0         0         0         0         0         0         0         0         0         0         0         0         1         1         0.035    -0.03      0.03    
   0         0         0         0         0         0         0         0         0         0         0         0         0        -1         1         0.025    -0.03     -0.03    
   0         0         0         0         0         0         0         0         0         0         0         0        -1         0         1         0.03     -0.025     0.03    
   0         0         0         0         0         0         0         0         0         0         0         0         1         0         1         0.03     -0.035    -0.03    

EFC_POS
   1e-09   
   1.3e-05 
  -1.2e-05 
   2.7e-10 
  -1.1e-05 
  -3.2e-06 
  -0.00023 
  -0.0018  
  -0.0015  
  -0.0016  
  -0.0015  
  -0.0013  
  -0.0016  
  -0.0097  
  -0.0097  
  -0.0097  
  -0.0097  
  -0.0097  
  -0.0097  
  -0.0097  
  -0.0097  
  -0.0097  
  -0.0097  
  -0.0097  
  -0.0097  
  -0.0097  
  -0.0097  
  -0.0097  
  -0.0097  

EFC_MARGIN
   0       
   0       
   0       
   0       
   0       
   0       
   0       
   0       
   0       
   0       
   0       
   0       
   0       
   0       
   0       
   0       
   0       
   0       
   0       
   0       
   0       
   0       
   0       
   0       
   0       
   0       
   0       
   0       
   0       

EFC_FRICTIONLOSS
   0       
   0       
   0       
   0       
   0       
   0       
   0       
   0       
   0       
   0       
   0       
   0       
   0       
   0       
   0       
   0       
   0       
   0       
   0       
   0       
   0       
   0       
   0       
   0       
   0       
   0       
   0       
   0       
   0       

EFC_DIAGAPPROX
   18      
   18      
   18      
   18      
   18      
   18      
   1.4e+04 
   1.6e+04 
   7.2e+03 
   3.7e+04 
   1.6e+04 
   7.2e+03 
   3.7e+04 
   1.9     
   1.9     
   1.9     
   1.9     
   1.9     
   1.9     
   1.9     
   1.9     
   1.9     
   1.9     
   1.9     
   1.9     
   1.9     
   1.9     
   1.9     
   1.9     

EFC_KBIP
   4.1e+04   4e+02     0.95      2.8     
   4.1e+04   4e+02     0.95      2.8     
   4.1e+04   4e+02     0.95      2.8     
   4.1e+04   4e+02     0.95      1.9     
   4.1e+04   4e+02     0.95      1.9     
   4.1e+04   4e+02     0.95      1.9     
   4.1e+04   4e+02     0.95     -37      
   2.8e+03   1.1e+02   0.95      0       
   2.8e+03   1.1e+02   0.95      0       
   2.8e+03   1.1e+02   0.95      0       
   2.8e+03   1.1e+02   0.95      0       
   2.8e+03   1.1e+02   0.95      0       
   2.8e+03   1.1e+02   0.95      0       
   2.8e+03   1.1e+02   0.95      0       
   2.8e+03   1.1e+02   0.95      0       
   2.8e+03   1.1e+02   0.95      0       
   2.8e+03   1.1e+02   0.95      0       
   2.8e+03   1.1e+02   0.95      0       
   2.8e+03   1.1e+02   0.95      0       
   2.8e+03   1.1e+02   0.95      0       
   2.8e+03   1.1e+02   0.95      0       
   2.8e+03   1.1e+02   0.95      0       
   2.8e+03   1.1e+02   0.95      0       
   2.8e+03   1.1e+02   0.95      0       
   2.8e+03   1.1e+02   0.95      0       
   2.8e+03   1.1e+02   0.95      0       
   2.8e+03   1.1e+02   0.95      0       
   2.8e+03   1.1e+02   0.95      0       
   2.8e+03   1.1e+02   0.95      0       

EFC_D
   1.1     
   1.1     
   1.1     
   1.1     
   1.1     
   1.1     
   0.0014  
   0.0012  
   0.0026  
   0.00051 
   0.0012  
   0.0026  
   0.00051 
   10      
   10      
   10      
   10      
   10      
   10      
   10      
   10      
   10      
   10      
   10      
   10      
   10      
   10      
   10      
   10      

EFC_R
   0.92    
   0.92    
   0.92    
   0.92    
   0.92    
   0.92    
   6.9e+02 
   8.4e+02 
   3.8e+02 
   2e+03   
   8.4e+02 
   3.8e+02 
   2e+03   
   0.097   
   0.097   
   0.097   
   0.097   
   0.097   
   0.097   
   0.097   
   0.097   
   0.097   
   0.097   
   0.097   
   0.097   
   0.097   
   0.097   
   0.097   
   0.097   

TEN_VELOCITY
  -0.32    

ACTUATOR_VELOCITY
  -0.32    

CVEL
   0         0         0         0         0         0       
   0         0         0         0         0         0       
   0         0         0         0         0         0       
   0         0         0         0         0         0       
   0         0         0.13      0.01      0.015     0       
   4.4e-06  -0.011     0.13      0.0076    0.015     0.0013  
  -0.0001    0.26      0.13     -0.044     0.015    -0.03    
  -7.8e-07   0.002     0.13      0.005     0.015    -0.098   
   0.0016    0.002     0.13      0.005     0.015    -0.098   
   0.0017    0.002    -0.00027   0.01      0.061    -0.098   
   0.0017    0.002    -0.00027   0.01      0.061    -0.098   
   0.0017    0.002    -0.00027   0.01      0.061    -0.098   
   0.0017    0.002    -0.00027   0.01      0.061    -0.098   
  -0.37      0.002    -0.0003    0.01      0.066    -0.12    
  -0.35      0.002    -0.0003    0.01      0.063    -0.13    
   0.0084    0.002    -0.00027   0.01      0.047    -0.083   
   0.3       0.002    -0.00025   0.01      0.057    -0.09    
   0.3       0.002    -0.00025   0.01      0.06     -0.097   
  -0.066     0.002    -0.00028   0.01      0.076    -0.084   
  -0.066     0.002    -0.00028   0.01      0.076    -0.084   
   1.3e-16   9e-17    -5.4e-17   5.1e-19  -1e-18     0.093   

CDOF_DOT
   0         0         0         0         0         0       
   0.13      4.9e-05  -0         1.1e-05  -0.028    -0.01    
  -0.13     -4.9e-05   0         9.4e-06  -0.024     0.0055  
   0.13      4.9e-05   0        -0.099     0.024    -0.0054  
  -4.9e-05   0.13     -0.002    -0.024    -0.098    -0.015   
  -0.002     0.0017   -3.2e-07  -0.061     0.01      0.00051 
   1.7e-07  -0.00027  -0.002     0.00012  -0.098    -0.061   
   1.7e-07  -0.00027  -0.002     0.00016  -0.098    -0.061   
  -1.7e-07   0.00027   0.002    -0.00023   0.084     0.048   
  -1.7e-07   0.00027   0.002    -5.4e-05   0.098     0.061   
  -1.7e-07   0.00027   0.002    -1.4e-05   0.098     0.061   
   1.7e-07  -0.00027  -0.002    -7.3e-05  -0.087    -0.073   
   0         0         0         0         0         0       
   0         0         0         0         0         0       
   0         0         0         0         0         0       
   0         0         0         0         0.093    -1.5e-18 
   0         0         0        -0.093     9.3e-37  -1.3e-18 
   0         0        -0         1.6e-18   1.3e-18   9.3e-37 

QFRC_BIAS
  -0.018   
   29      
  -29      
   3       
   0.013   
  -4.4e-05 
  -0.012   
  -0.015   
  -0.0066  
  -0.012   
  -0.015   
  -0.0066  
   0       
  -3.9e-34 
   2.1     
  -3.1e-20 
  -1.5e-36 
  -1.7e-52 

QFRC_SPRING
   0       
   0       
   0       
   0       
   0       
   0       
   0       
   0       
   0       
   0       
   0       
   0       
   0       
   0       
   0       
   0       
   0       
   0       

QFRC_DAMPER
   0       
   0       
   0       
   0       
   0       
   0       
   0       
   0       
   0       
   0       
   0       
   0       
   0       
   0       
   0       
   0       
   0       
   0       

QFRC_GRAVCOMP
   0       
   0       
   0       
   0       
   0       
   0       
   0       
   0       
   0       
   0       
   0       
   0       
   0       
   0       
   0       
   0       
   0       
   0       

QFRC_FLUID
   0       
   0       
   0       
   0       
   0       
   0       
   0       
   0       
   0       
   0       
   0       
   0       
   0       
   0       
   0       
   0       
   0       
   0       

QFRC_PASSIVE
   0       
   0       
   0       
   0       
   0       
   0       
   0       
   0       
   0       
   0       
   0       
   0       
   0       
   0       
   0       
   0       
   0       
   0       

EFC_VEL
   3.2e-08 
   0.00076 
  -0.00059 
  -1.2e-07 
  -0.00062 
   0.0013  
  -0.059   
  -0.37    
  -0.35    
  -0.36    
  -0.3     
  -0.3     
  -0.36    
   0.093   
   0.093   
   0.093   
   0.093   
   0.093   
   0.093   
   0.093   
   0.093   
   0.093   
   0.093   
   0.093   
   0.093   
   0.093   
   0.093   
   0.093   
   0.093   

EFC_AREF
  -5.3e-05 
  -0.81    
   0.69    
   3.9e-05 
   0.69    
  -0.4     
   33      
   44      
   41      
   42      
   35      
   34      
   42      
   16      
   16      
   16      
   16      
   16      
   16      
   16      
   16      
   16      
   16      
   16      
   16      
   16      
   16      
   16      
   16      

SUBTREE_LINVEL
   0         0         0       
   0         0         0       
   0         0         0       
   0         0         0       
   0         0         0       
   0         0         0       
   0         0         0       
   0         0         0       
   0         0         0       
   0         0         0       
   0         0         0       
   0         0         0       
   0         0         0       
   0         0         0       
   0         0         0       
   0         0         0       
   0         0         0       
   0         0         0       
   0         0         0       
   0         0         0       
   0         0         0       

SUBTREE_ANGMOM
   0         0         0       
   0         0         0       
   0         0         0       
   0         0         0       
   0         0         0       
   0         0         0       
   0         0         0       
   0         0         0       
   0         0         0       
   0         0         0       
   0         0         0       
   0         0         0       
   0         0         0       
   0         0         0       
   0         0         0       
   0         0         0       
   0         0         0       
   0         0         0       
   0         0         0       
   0         0         0       
   0         0         0       

ACTUATOR_FORCE
   0.044   

QFRC_ACTUATOR
   0       
   0       
   0       
   0       
   0       
   0       
   0       
   0.022   
   0       
   0       
   0.022   
   0       
   0       
   0       
   0       
   0       
   0       
   0       

QFRC_SMOOTH
   43      
  -73      
   63      
  -6.7     
   4.1     
  -0.0075  
   0.012   
   0.037   
   0.0066  
   0.012   
   0.037   
   0.0066  
   3.9e-34 
   0       
  -2.1     
   1.7e-20 
   7.7e-36 
   3.3e-71 

QACC_SMOOTH
   30      
   2.6     
   66      
   63      
   16      
   31      
  -6.3e+02 
  -3.3e+02 
  -2.6e+02 
   1.1e+02 
   2.2e+02 
  -4.4e+02 
   1.8e-33 
   0       
  -9.8     
  -1.2e-32 
   0       
   2.5e-67 

EFC_B
   0.0014  
   14      
  -16      
  -0.00075 
  -12      
   7.9     
  -5.8e+02 
  -6.9e+02 
  -3.8e+02 
  -3.1e+02 
   56      
   1.8e+02 
  -4.9e+02 
  -30      
  -30      
  -30      
  -30      
  -30      
  -30      
  -30      
  -30      
  -30      
  -30      
  -30      
  -30      
  -30      
  -30      
  -30      
  -30      

EFC_FORCE
  -3.8e-05 
  -0.57    
   0.49    
   4.7e-05 
   0.54    
  -0.45    
   0.039   
   0       
   0.04    
   0.0059  
   0       
   0.018   
   0.0057  
   0.41    
   0.41    
   0.41    
   0.41    
   0.41    
   0.41    
   0.41    
   0.41    
   0.41    
   0.41    
   0.41    
   0.41    
   0.41    
   0.41    
   0.41    
   0.41    

EFC_STATE
  1
  1
  1
  1
  1
  1
  1
  0
  1
  1
  0
  1
  1
  1
  1
  1
  1
  1
  1
  1
  1
  1
  1
  1
  1
  1
  1
  1
  1

QFRC_CONSTRAINT
   6.4e-10 
   1.1e-09 
  -1.1e-09 
   1.1e-09 
   7.3e-06 
   2.4e-11 
   0.041   
   0.044   
   3.4e-05 
   0.003   
  -0.038   
   0.019   
  -2.8e-16 
  -1.1e-16 
   6.5     
   3.5e-18 
   1e-17   
   0       

QFRC_INVERSE
   0       
   0       
   0       
   0       
   0       
   0       
   0       
   0       
   0       
   0       
   0       
   0       
   0       
   0       
   0       
   0       
   0       
   0       

CACC
   0         0         0         0         0         0       
   0         0         0         0         0         0       
   0         0         0         0         0         0       
   0         0         0         0         0         0       
   0         0         0         0         0         0       
   0         0         0         0         0         0       
   0         0         0         0         0         0       
   0         0         0         0         0         0       
   0         0         0         0         0         0       
   0         0         0         0         0         0       
   0         0         0         0         0         0       
   0         0         0         0         0         0       
   0         0         0         0         0         0       
   0         0         0         0         0         0       
   0         0         0         0         0         0       
   0         0         0         0         0         0       
   0         0         0         0         0         0       
   0         0         0         0         0         0       
   0         0         0         0         0         0       
   0         0         0         0         0         0       
   0         0         0         0         0         0       

CFRC_INT
   0         0         0         0         0         0       
   0         0         0         0         0         0       
   0         0         0         0         0         0       
   0         0         0         0         0         0       
   0         0         0         0         0         0       
   0         0         0         0         0         0       
   0         0         0         0         0         0       
   0         0         0         0         0         0       
   0         0         0         0         0         0       
   0         0         0         0         0         0       
   0         0         0         0         0         0       
   0         0         0         0         0         0       
   0         0         0         0         0         0       
   0         0         0         0         0         0       
   0         0         0         0         0         0       
   0         0         0         0         0         0       
   0         0         0         0         0         0       
   0         0         0         0         0         0       
   0         0         0         0         0         0       
   0         0         0         0         0         0       
   0         0         0         0         0         0       

CFRC_EXT
   0         0         0         0         0         0       
   0         0         0         0         0         0       
   0         0         0         0         0         0       
   0         0         0         0         0         0       
   0         0         0         0         0         0       
   0         0         0         0         0         0       
   0         0         0         0         0         0       
   0         0         0         0         0         0       
   0         0         0         0         0         0       
   0         0         0         0         0         0       
   0         0         0         0         0         0       
   0         0         0         0         0         0       
   0         0         0         0         0         0       
   0         0         0         0         0         0       
   0         0         0         0         0         0       
   0         0         0         0         0         0       
   0         0         0         0         0         0       
   0         0         0         0         0         0       
   0         0         0         0         0         0       
   0         0         0         0         0         0       
   0         0         0         0         0         0       

TENDON_EFCADR         -1

